65143
66251
113754
73689
20406
101082
62446
92346
77526
105962
111361
102022
104077
23070
115759
6070
54929
116937
17444
90825
107967
112566
109043
113803
102139
10861
60566
25105
98276
118507
100334
73567
100487
107176
9340
20287
88349
100616
65919
103468
60652
58378
116887
104392
106822
75324
105829
60819
99055
90833
55243
111245
75559
112943
109849
94164
70998
101878
115328
83759
25444
20370
6730
36012
34888
32937
64138
59636
95787
90517
25155
58972
57081
87891
8272
66263
10291
62377
9209
34345
117004
17483
22032
62682
100784
21293
22632
105652
104151
83936
76318
59919
79022
66126
115524
10710
16594
107243
89334
1094
100551
2620
102903
64284
109976
106335
77142
78148
73443
101331
100265
180
61269
114908
5698
110190
67422
79370
114029
99732
18172
98498
65511
9940
33280
102583
100431
33323
60829
102549
5382
18277
101504
100998
26566
57670
118163
105356
106367
75072
106203
94764
12112
117286
113050
94041
101819
107710
68879
67901
74457
117713
107735
115868
104460
56176
6562
115118
101982
62840
64113
61738
118411
114722
92265
113441
11759
74512
83252
21494
57540
103134
92726
99783
76818
99975
5254
5253
14568
106318
64135
92104
94980
73624
95255
23621
85003
75900
59591
108193
33368
83285
22752
66587
103263
103531
76280
117089
34286
113644
89991
16921
5568
114235
78553
107624
114402
97326
17809
8112
93296
34003
87980
3715
73414
90735
115613
7384
115209
14721
102490
65489
74541
92582
16856
59294
77948
103076
74218
33006
90391
107323
92865
5949
74951
6788
101693
69733
87867
23972
107758
9608
57479
75187
6199
35643
110639
68337
58826
90389
75260
11321
19077
35292
109888
67690
54869
77996
76339
60296
24919
417
98989
6426
116465
55088
106644
55767
101436
85968
65737
98435
62793
87813
25440
90181
26726
81030
80232
88275
100132
105311
69912
7390
104354
15726
92665
84290
653
109801
35668
85871
61536
58918
67345
83808
11367
26415
101093
109625
76710
2254
64663
23541
5825
55259
117729
98173
77030
55880
68201
93925
111388
80708
65913
93942
72002
117618
102172
85941
114623
82659
87488
111705
69517
91348
90716
116770
119
92682
80957
15526
60834
88318
6742
97792
73704
58908
81489
85190
87637
11143
35584
16581
117311
16268
58188
11877
107687
97937
94621
21338
75859
115628
24389
23825
110679
26303
106522
102279
60415
73404
55362
55104
105763
34188
71295
5976
104538
69486
111563
115172
77341
68067
65021
83443
89474
56936
33256
72348
81202
98178
93778
83090
918
82328
69851
67274
118371
105431
17225
65183
104463
100877
92691
10152
24370
65647
34927
74677
117257
106469
105569
627
91479
101967
20071
6461
17616
633
20754
57791
101602
113942
6404
117274
68592
97627
75437
81466
71074
101333
34244
59967
77287
3363
100014
116056
89437
102430
92434
78721
21341
85960
22548
33530
18396
3403
58773
11000
35990
71637
33737
59856
74301
92057
103981
65947
63345
85220
114294
115179
109049
72219
55069
62298
72931
79300
99217
104624
22056
85917
118146
22048
98058
89418
59088
6485
67482
57358
8855
63534
58240
103323
9928
64705
116935
90797
63619
78537
74078
24340
97048
35486
7753
5249
110785
102624
94837
65038
111493
73741
108043
67846
96691
62355
104171
77812
85148
54916
67795
100533
77574
77803
24951
118515
100357
63298
16478
33900
93219
58402
58705
6335
103261
111917
85911
108864
65833
76282
108077
111058
34465
97662
91570
102723
65778
118470
64255
68328
93931
78551
16802
89649
107125
114050
103993
57320
77917
67307
70964
99979
89386
24386
76945
491
58638
75931
81763
10897
93457
6148
70027
100779
60269
5727
84117
85692
108515
81345
14780
102633
89926
103512
66175
99869
57263
35129
57505
69287
18156
35071
5652
97786
10386
91738
116815
105931
9019
106206
91898
33150
110822
5806
104001
110308
56010
118289
88131
73534
87748
74854
102338
98689
55327
7723
86825
23592
76151
16430
21247
81837
8180
18779
63131
90023
98832
67014
89268
94901
57229
77194
64853
73776
118463
17207
24434
99377
117613
1068
20694
76601
35419
81455
6540
77547
96928
106549
106228
72460
25554
72477
63677
68828
100999
56696
81843
78828
8022
22506
91251
103620
62378
86603
63466
97433
78078
77513
97546
61365
61944
82005
96511
20005
18394
17439
76817
34843
68594
73273
17956
11854
91564
24032
68049
67822
63825
93507
97472
14914
87868
6087
102014
95806
102375
16239
117038
89715
97234
104486
90744
110648
106643
108767
114615
34500
55722
103346
75009
102219
7718
16355
103916
19825
114708
77454
55221
116548
92635
81252
109095
73773
113630
103562
81531
34290
101942
18659
102762
55974
83031
99904
76050
104648
97407
107768
83896
23717
98866
76697
87392
114295
89705
105314
118512
58902
59596
69822
101011
61051
82191
102559
117094
10750
78252
75752
75279
72194
113400
56746
116601
760
35447
72307
76260
76379
108491
112909
20296
77612
104227
56127
111111
97154
60155
20078
87916
91148
96775
86258
101589
4687
71143
99108
97784
110359
64808
88618
116290
106214
91295
115431
101305
2547
32939
34613
87070
104113
11179
61987
34942
62404
63666
90428
101241
94418
97098
6114
89344
80653
65307
92639
77988
1127
105068
35591
75731
111610
88430
90169
101638
94470
112205
9810
83586
55364
9820
79943
73876
114057
59171
19001
75476
90066
117153
112714
106670
69466
63282
17723
33520
78392
24291
59410
56330
41545
58951
19743
105042
76494
94136
115941
2305
7140
102443
106845
115134
83236
109799
26471
99524
104211
78316
114486
88184
35408
78623
19032
103015
3864
57488
97717
33623
5693
74653
72508
41338
92435
72933
66504
102128
104921
6354
82756
114405
9993
55372
67660
80275
92569
101974
109696
111554
93601
19497
102842
105929
93356
33004
257
107721
55042
93113
105539
33628
80186
18249
66924
89660
57111
111893
10013
79062
77001
68124
71217
113237
106693
64535
15215
72751
68627
60353
24947
101249
57137
61509
10907
6589
101055
117434
99677
182
88322
104470
34804
83877
35080
4542
11967
76416
79424
59062
77422
74793
33664
74778
75017
9680
4788
92913
8357
33363
61952
67426
101984
63656
57806
70492
4593
72045
98433
86730
75161
75181
6369
26200
112514
56348
89919
105039
97363
63074
102992
107853
90362
73139
103676
61055
34971
75802
57019
15239
34448
72689
62896
60090
98546
118095
110814
35075
21949
109440
6517
107799
80627
16235
20950
19190
115513
92086
108810
87316
105998
75899
84900
113869
80965
72262
33207
749
23529
71180
55322
41299
93036
102548
8039
104953
82358
92573
14569
6884
62164
103827
108834
116883
33454
99201
80034
7899
24541
80035
72963
89216
67794
57756
75405
41471
56816
98202
102707
99890
87265
35886
89626
98299
71653
11657
81047
434
88030
11537
116771
108440
36024
94154
18176
110389
36009
96184
3446
1221
102590
24044
23459
24001
105392
75054
109204
98059
83159
35115
116033
63401
115604
112419
33713
113702
6110
88224
105661
60025
108434
63730
11785
262
75287
18430
4264
17734
77126
88109
89180
85544
106040
115371
3044
113333
9152
64942
3625
101522
114710
17219
7663
105595
101148
103147
59073
96043
111177
4217
35175
104423
79384
55024
67904
58112
23542
114203
94990
110908
16277
116647
99508
113353
96391
84674
107988
103317
81568
110636
74932
7009
105484
109385
8000
17633
103109
90907
115453
2066
77645
24354
6013
16704
35441
103788
74505
19795
3246
103810
101906
91938
23208
55178
101320
65096
5946
594
107070
922
97113
108914
89145
92261
89837
60521
97449
34675
82761
101804
82978
81440
21468
597
18638
34440
118013
97391
59364
15745
67047
73233
93570
96523
118194
952
82182
100660
112306
105246
6078
22239
79241
92933
116626
103335
6165
57369
24176
4856
33671
16119
116885
90300
33645
96389
35331
95257
24873
91807
34293
98682
82815
60258
68061
80914
102712
112590
97612
66956
97071
6662
105308
20188
71076
93322
63058
35796
34454
75904
86203
117342
104822
101767
58346
112655
35972
80483
59531
8036
14535
86095
93293
14811
8244
2352
25785
2476
115568
33014
22883
105079
8964
105227
117264
100623
25723
79867
75148
15390
100052
74003
80786
114030
9016
79336
61645
64982
9279
35853
109145
68759
93774
81789
101704
80682
64550
41531
113845
117529
59022
103553
113749
5611
113214
89169
76874
78324
77741
9969
100423
100872
116855
59018
103422
20256
101838
80265
109138
109916
94129
33716
117033
73405
34958
97008
9518
103658
76803
14482
61936
96929
109754
95263
17688
19539
23939
101628
34419
19132
98322
16658
11609
33372
104869
7655
99980
63749
2504
115423
95712
73593
97945
16400
118513
57310
1694
35683
113578
99636
61126
112402
110831
83828
35278
19184
98421
92116
8681
73235
63095
82376
74179
11385
24165
66533
89909
35288
112458
61127
112717
107566
89064
11087
117091
91773
55470
34047
77894
98016
8981
60263
89197
60191
99387
16397
99564
106106
112548
108799
57761
96931
116475
15034
23064
70095
118065
92091
107686
22874
101397
110529
76413
16329
54996
70025
98943
9560
112652
70435
62491
65049
89276
58600
114291
8716
91216
113563
89243
104558
98491
101707
69279
108379
35679
34538
75369
61445
24841
92594
100847
16663
109618
9657
21686
24423
16354
57059
41442
83633
106457
60892
34806
91719
101430
74453
21053
116753
88144
61610
91225
65444
62789
111799
89880
5668
113258
93723
25169
103945
63901
101573
73737
67288
57560
117173
100255
34028
57158
97962
118365
63979
87734
95686
105618
14625
114048
65975
80958
99528
63476
77786
96293
57933
100697
33425
99682
68153
55192
106761
86305
33581
9239
90408
102852
59541
5593
88841
16593
110231
75993
94276
34601
80607
102813
92043
97174
58668
58249
90666
84908
95075
95742
8634
23950
111873
81261
24279
15560
110120
110905
12253
107896
69088
117276
10612
92953
97936
9164
112090
111420
2758
75166
92654
93481
67417
74113
55660
73338
112291
101455
57347
75986
55254
8144
84603
111813
89771
3254
57876
61714
67452
110515
3305
6544
100852
111815
77207
34826
41520
105272
103675
85605
103494
9650
55238
64644
72170
75327
70127
97010
83275
109519
103286
60955
108724
69877
92909
84814
75046
34251
103716
61559
90036
96273
34767
106498
100503
20209
91993
77587
55749
20465
72604
111349
101940
110095
100360
107688
10950
62437
97468
9915
16718
86151
89609
23513
63727
1934
94741
90756
26686
114585
114408
6770
19170
61220
94888
111620
73444
108943
86804
90087
66611
19898
81716
106388
23903
6948
16161
97411
88339
59358
70639
7840
35593
99533
7156
1245
57188
98622
14483
101869
97758
58660
8821
73619
77511
65263
98924
105391
111265
86904
87121
118516
78806
63497
105007
70149
69294
55488
58828
100680
105609
89335
77525
11193
103441
74163
33151
18532
64458
16563
1453
99309
91446
10066
85560
14697
108366
23375
61169
85371
83324
102866
77499
76021
16446
57604
105816
26621
88857
109911
35095
113135
20830
24540
90629
6076
100452
106126
68144
20077
104804
105359
101139
102735
103105
25921
104895
79492
59838
91662
74336
104186
105812
115315
22325
117676
3136
20052
56679
97217
104033
99045
5589
20416
100543
57330
67651
82171
101761
94691
8311
108601
89563
94525
57268
115979
72735
102153
109337
14836
66984
3859
116641
90727
21801
99729
56934
108760
106382
55095
94727
104646
70058
99254
22405
6011
87095
117673
20579
108459
74277
66635
19973
116518
59752
81093
23856
97948
15459
109584
101853
96864
76563
17473
10324
63
1141
35348
101195
14812
11459
101015
117266
117916
60065
96381
80710
64870
24763
94616
5059
98076
35053
90860
118495
60980
83550
97978
20797
34058
97593
35976
19450
95817
4057
62800
73969
101647
118517
80670
113772
58106
59371
105040
76877
9787
58423
99433
104083
99455
18936
78132
99381
91155
113884
1376
76110
91026
7314
117093
67333
21087
94849
57096
11804
89608
82962
17255
41363
101521
101432
34287
72613
104803
113789
65569
98954
59436
99157
91051
104535
66417
35813
78020
95886
116741
82956
100875
5460
99312
60113
117715
101540
69757
103430
3544
62659
71701
5722
81381
74671
105402
102280
67182
59755
115383
61504
75387
72509
97939
61859
118230
86643
117935
103815
24676
72698
97548
112567
84738
33413
113498
92035
15104
64846
81223
116636
87105
32807
23163
79667
17904
115922
115962
9688
75801
2237
112671
77688
15719
104050
22105
113937
16146
20121
100350
89447
62432
116812
20161
63850
59635
7850
21369
86530
109651
17131
72183
3679
15189
69236
101371
86373
17344
6767
84508
97709
60201
86574
94480
107696
106055
110071
97698
32840
113406
98659
99200
57599
66694
68812
103755
18848
32819
11445
77888
61344
33307
22853
99888
97286
111224
67027
18196
96764
98228
55715
86226
85920
114568
17486
34398
2377
87181
82286
94146
82077
112685
111928
55155
94260
33567
93856
88748
118180
24818
80070
58504
54864
97640
63119
77975
21812
93562
59268
6491
93173
60590
33733
112245
105381
35534
9965
58329
113573
77438
41397
41465
55873
91349
77439
89234
20883
35628
64887
54949
72603
16127
64214
111477
112020
88648
77555
35810
15954
98912
59877
34882
116048
32877
116373
20569
73845
17268
90793
11403
74751
80292
105831
18222
69198
90695
4823
70495
65740
116963
112782
59219
57921
22504
33549
15909
67666
66785
86996
105814
111941
90482
93899
61394
560
89105
118151
113921
108719
23515
4302
8100
108206
32691
61307
101665
113685
116
58516
75958
90144
8322
99032
98165
113300
95559
106130
87243
108575
76991
101882
11312
65373
63258
92209
61863
11376
105855
59625
11823
104426
104214
97971
101394
20181
59185
77483
99586
114975
860
98080
60424
75156
72561
34234
35476
112478
59788
104059
6318
79594
97960
74118
106100
74824
65606
100789
498
18174
109619
6916
15339
9831
55150
5916
41375
69515
102754
104650
105863
75204
72389
63626
58721
70394
86866
105044
108188
116858
80042
8979
113016
97655
9967
86954
11047
98393
55727
83769
90323
63224
98029
103104
80284
19841
74049
81096
105760
101554
99225
112901
87742
6194
103253
86570
89231
82796
71609
102990
94707
97775
89768
64393
74290
86486
9777
97798
19231
56220
7019
25400
10930
105417
41399
9339
11072
78099
22753
114104
33680
63052
73211
55784
109556
106298
6701
80813
35632
101456
104178
7834
75945
74237
112759
23655
59056
118335
57375
2636
59429
75691
75432
66458
89076
100614
56756
17121
71565
10070
112207
105933
67925
19887
61524
17279
84250
60517
107492
57155
62474
74599
118014
16256
102008
108965
89405
65863
25453
11782
109067
61318
98211
101845
92760
78484
8174
65576
68277
98850
100143
14472
16170
107547
35382
34900
94020
56416
118172
78705
34093
116222
79407
108975
112474
70494
105719
61842
108469
105788
58041
59058
105023
91642
87933
2406
91143
113922
117867
72506
114011
98296
85877
34394
110136
81598
60931
69713
72811
116384
2471
14968
59724
78628
117640
105811
111086
67737
94948
62015
23206
67133
33899
90010
9775
64362
64986
75262
80503
82496
91273
116717
58534
56768
370
73991
85900
113216
69881
101606
613
23535
67619
76849
104793
80123
101690
109120
63470
56962
102798
99993
86083
89952
75663
74154
115062
106704
71508
117485
101449
105367
15556
77103
104234
19603
2828
35304
62661
112881
63846
105544
89444
58227
17401
90298
21808
60458
74579
26320
23394
17055
70899
97566
87940
86865
106972
77236
112074
118215
59818
57710
20867
97279
73183
91290
82871
73603
115176
79753
6911
85687
86605
111409
96070
17015
15746
41253
60186
73748
4259
15881
25372
34423
57826
113953
18750
105373
3466
100028
107428
110709
56504
57998
55269
78693
88496
22383
108364
103738
98601
116971
33908
91706
76005
176
103664
104109
61556
77009
98041
72434
74396
68469
108989
76440
76438
55148
75808
75024
41263
84855
103152
93175
114784
97103
4496
35117
73633
11326
11325
87077
41476
118028
24963
94187
2970
34696
58209
5974
97658
63103
92313
89438
56133
7514
99325
77798
101152
4023
57257
115451
114376
111154
62055
34108
79637
71815
25518
61620
89245
2301
95775
502
77091
78660
69169
75593
8521
89420
35187
100921
101469
98174
108414
33898
73073
81608
86460
105684
108944
24179
102576
103924
56085
20132
104653
68509
78202
62937
10356
94897
9231
3701
7441
64052
115502
62476
23618
78653
90802
114336
65525
98786
90975
112400
33652
21059
97315
59584
99959
84184
60953
86520
103748
74479
97331
117198
98929
105701
102041
106310
527
20798
87553
76732
66407
98533
108378
89192
92741
19049
2715
80871
68711
107776
89448
16691
18857
86309
19278
8313
104487
63533
92994
72049
58603
76948
827
97664
93835
84124
1232
1014
97988
6124
89809
94011
100315
80888
69946
55297
87056
69628
88746
92380
3932
58127
62794
90352
115565
116740
34619
9732
76015
76543
15282
56872
104285
35200
9529
8155
73828
106249
107317
106393
84863
91910
3773
71246
16528
72903
75892
70274
89491
21461
60131
6184
77013
89484
104446
77561
80802
115806
34333
14690
662
7631
108952
76806
33689
22114
68606
5879
93473
72807
100735
63064
89004
56068
110346
82661
107466
101158
71300
91590
35157
98673
77701
104982
277
58115
110239
81717
104453
81782
62624
109478
103975
114689
22750
34703
82111
111509
106117
61034
79074
109161
3247
59290
9204
97561
116861
99851
105405
102699
103432
76859
70769
5383
33242
88484
79997
33464
90537
18391
59722
99542
16661
1302
109805
57543
11902
18847
112869
8181
98791
86682
111399
101494
71567
64601
14828
94974
25887
110348
97894
109697
68925
64030
35023
94079
104737
117051
74689
116713
103662
117385
82107
74963
102461
100647
34488
9796
97820
11683
20682
5854
19071
74728
66040
90795
90013
112730
76537
5360
5721
83619
101129
90360
81465
32824
35876
71129
98418
97520
56737
92832
73942
3392
91415
99773
63443
26381
105213
70750
10143
87585
16135
5724
64491
92127
117502
91777
9621
118511
101131
106354
95892
103319
103596
102282
65538
35519
117331
15750
34932
12220
93402
19755
19712
103391
105442
55736
69518
17664
99107
107233
7396
98535
65200
4440
25471
53815
104871
60889
101125
33482
66377
2606
103285
62902
116328
72503
60694
11763
77958
60379
70391
106428
79708
109080
11956
87566
110406
110863
62397
79694
66727
108015
57820
104043
82569
93801
34555
23581
112670
87659
57424
92578
102956
101742
9681
75617
9716
109608
92724
5708
108373
62607
59615
89164
82641
103398
94321
80801
11979
68380
67088
82012
113894
82623
60230
101562
56229
106775
108290
5794
102771
6095
18010
90874
7963
62217
73429
118510
59985
117756
107149
79530
75261
11747
81240
74064
91596
90466
99065
77256
11573
34372
88609
33304
85530
92952
63536
2324
105244
106960
76706
5214
19768
83337
98338
57661
97221
56979
92740
62385
104567
77992
99445
109366
84748
63266
91648
73584
107200
77244
102778
239
88260
21378
110718
62276
20204
85555
67458
81533
107792
3463
2349
24328
25030
85124
77198
60272
11511
89294
67526
89875
11604
64346
99885
114338
89138
106456
87174
99288
89881
84558
60764
67876
72851
109510
33800
110760
21561
68988
118211
94201
3438
71341
92517
85744
8219
6375
73431
35465
73134
79444
55114
106131
114297
12058
78949
56006
7013
68373
114727
59359
93273
26472
112352
115818
113550
59955
91780
101986
104872
20656
78683
89797
2232
97200
103888
34327
83346
100038
112796
25731
67324
74838
10959
61431
65078
109776
116213
83876
64253
34739
106503
58611
98323
24193
23748
33659
82139
96713
62028
107420
99589
41486
25563
75847
88279
64894
58303
97514
104236
100184
104542
67919
98150
99097
58819
86709
111654
90425
85667
65194
55355
65889
18209
5617
71633
11572
33848
117363
22231
59119
118508
94626
57847
88911
73900
41529
64467
93315
85311
67198
105076
115580
11974
24639
3877
98147
89060
58715
80501
103842
67037
76594
56359
4032
1206
104664
89285
99610
66005
100682
63314
109687
83190
65473
104091
83070
102211
117803
64730
100262
105912
111943
55159
58661
102667
73003
65589
91523
60549
98596
60206
100507
76104
34855
116738
78305
5856
117235
25074
78485
58020
11233
34874
60212
85846
93838
101095
100679
99308
113808
93898
89663
105834
101338
17327
74047
10224
108117
7418
93664
110423
104204
91373
60084
33382
69296
111474
18614
107374
77044
98848
3958
19815
74731
99652
56648
77655
101447
56388
114977
55970
110405
76858
62664
90755
8511
55218
98018
65984
23229
21110
74405
8045
41508
94336
55750
64621
104949
104507
90745
99814
108160
97528
245
92807
67733
88741
35296
103150
55865
10911
101893
76247
75542
112112
62615
7918
41331
100825
77780
110025
10148
106161
34086
8560
33339
2598
104468
253
33384
63989
18613
101294
12036
12113
67926
88784
103617
61193
105737
94555
34070
111378
97735
113149
103009
99132
79304
63776
67521
98729
66795
110736
2998
14806
98207
62129
100818
89453
65598
105515
20511
104361
64444
107435
84623
70322
24775
20667
64726
3219
36001
58246
4767
99467
63059
76628
76235
6169
99813
108942
107763
64961
117319
19798
109012
73290
21379
56601
103832
59109
845
116947
8983
844
75454
80585
16940
64805
100579
20304
110768
92616
69557
85787
82140
112824
101538
25027
99848
84987
104631
109753
24493
70073
109630
110765
72317
73791
65943
33147
69119
16922
11453
65604
876
105378
106777
97413
94447
74695
4131
115398
12119
93626
80036
4825
70170
83710
91279
101933
20649
96843
62485
113878
79458
58977
57102
9594
105720
107634
18887
76468
103697
66142
117254
102218
856
21357
9997
16064
67342
18545
98194
67598
11601
91042
26035
92308
19730
87732
15378
66541
6198
71407
18373
101939
15443
19180
41446
33823
10361
26342
56826
82589
118418
67631
57920
107262
19850
4746
16782
86862
60437
18465
7488
116200
68311
105547
54881
82742
26481
69058
86315
9398
114438
109312
94018
113204
112336
106344
6061
6587
8642
106654
26590
7532
105479
20186
24893
103303
21440
20498
77345
22645
109374
8041
18248
110330
24989
3400
63216
107106
102941
97497
115376
109699
61550
69122
109390
98763
97744
55029
81636
26609
77638
10165
87465
79836
116977
22169
23898
84411
66209
9947
88471
98869
15385
18567
99278
99734
85478
112154
93497
65786
88405
16110
25985
101824
96131
71757
22786
18727
97813
59857
93189
74565
69615
98647
17625
21879
51010
94523
89499
20221
62422
116531
88440
26386
18984
64811
14475
89794
9249
100612
99128
14825
116166
105500
62803
96400
21515
115989
69002
26595
109017
57553
15668
109573
65513
61994
88326
7040
16294
111164
113781
116260
25172
108493
35375
22959
63199
78563
23185
34019
99741
101268
26280
103527
78135
107732
7201
24575
89412
115187
21270
108670
105889
14866
105543
21075
98730
114765
89333
16818
73946
108550
96881
73320
77305
25447
72339
88567
97160
70563
105101
114337
114334
10231
65355
69048
17774
75113
68684
23560
90553
25631
18743
4991
25810
20681
105459
11208
23892
108626
113009
6541
9489
32825
117359
98916
108818
73809
34999
65618
92125
9896
74878
104559
59149
107359
59995
82303
10457
94190
114583
89094
71674
108508
83115
78869
115191
75805
83736
61591
9212
18925
55185
55184
103270
91701
6768
99866
93571
25229
24187
66267
25721
115255
104278
107370
93159
62892
35918
73409
79208
93884
85042
16372
18705
35804
103652
25099
9644
82336
101008
112925
18405
9588
21249
19213
61674
25085
102059
26588
70813
110057
106523
23173
106530
98238
103181
106052
106642
108573
72350
3221
91961
74106
12177
9312
17675
22774
86750
111170
94095
26128
70583
69594
112978
116886
76510
15999
99699
100957
81667
64779
23170
23451
95529
24922
66035
11652
60244
75193
80229
22922
17898
23927
15285
86846
111497
22205
116725
11352
107425
25356
17416
92002
7090
4392
80961
6100
115615
67752
90546
80087
62142
63797
9730
24948
70500
58203
109663
105686
113504
82951
71137
93229
73711
94172
20879
89158
7699
86660
70925
22222
104870
22747
55422
2910
63646
24222
117199
16536
10403
18027
109291
22034
79636
60509
9053
18893
21039
71457
20150
111959
111629
91975
105015
85033
24192
6642
110146
11648
55330
657
4574
24934
70737
117039
62517
65066
22312
97003
80002
8919
100438
67980
57511
56623
94108
10875
114874
16988
18967
105032
90573
55279
87629
24347
104978
26776
117125
109759
82629
41354
80894
81655
6696
9422
16024
19353
94000
3353
20933
67462
102181
24637
18282
19390
14961
84832
102608
113849
117362
105838
22586
23947
16721
9843
117708
68853
84346
59572
8815
8808
84210
94016
60170
19469
112865
23759
21442
2789
115035
18455
98254
117177
57489
22687
16981
17213
58507
9051
16503
55855
63803
104104
117351
75093
20718
95752
108445
101165
19466
71697
60891
117538
90200
24412
17699
19555
9910
102665
100318
19344
100313
114072
56712
23974
24855
99505
70815
62042
58855
20614
98737
18398
98317
64434
56665
56978
20845
81656
114659
109189
6253
8810
106520
107085
110807
14583
8549
24929
103277
20544
75501
504
15065
89719
116283
21572
90557
24537
83114
16044
115825
17909
100099
67626
64387
70355
57372
94160
8445
23576
21162
18403
16019
18566
57114
82814
24564
102407
103175
102165
34854
91839
77578
20802
90641
109084
113489
81541
22931
21055
115715
109841
108552
113886
34534
84120
89372
106533
111755
2311
55611
15409
83283
21758
24586
7712
71950
85444
89829
103765
85153
6582
69725
55472
56546
116705
33200
60646
64483
94610
2545
24359
21878
116356
16287
22391
20153
100899
20735
104904
22909
20908
108779
67266
16279
8708
10174
25382
109730
2602
56490
109891
100354
87543
14747
66606
9438
59904
10121
8184
94445
26806
78036
61342
18042
15041
24147
102700
94540
80069
57462
113414
104034
17902
99489
109793
109796
76234
62855
56901
66560
83161
11907
10477
19718
24817
15026
78470
103563
21096
106505
7962
60917
23879
73655
11658
111831
34397
116408
106823
86053
106774
17009
94720
106679
82917
22135
26795
11702
19287
76078
18662
100419
19163
56550
109583
78738
7412
113908
57755
115380
63707
106352
6514
111591
60208
33637
65998
10995
24889
14551
17705
79829
17955
15840
61447
17738
71716
115238
23091
111274
56868
81061
25293
26538
23116
17287
10469
93678
84040
92980
92305
24327
69453
91941
74588
19038
56523
21670
67206
26653
62639
5062
103232
88700
8982
23151
19246
21927
109965
23119
86797
94398
25865
78784
67017
109298
80403
88460
8959
6498
24189
7807
68084
35473
26003
116282
93362
111019
20716
20571
65380
87113
114992
17048
78871
4269
88354
105635
110196
76853
9043
22762
93911
11559
98837
93756
75519
106509
21170
81606
113955
97148
8906
117237
101021
107334
71728
110137
57809
107496
113302
84945
116526
113220
14963
106539
74876
78300
68119
68356
94194
23870
7894
16712
25329
79979
105297
26541
83077
81916
106966
12160
6251
57752
108815
91774
91995
20366
26483
33850
115554
17562
89790
17303
98138
81748
14544
95545
59974
9124
99923
109279
26542
84853
102545
15407
3199
12043
10488
72318
15477
77968
23623
105303
19666
57446
90737
18669
96661
22194
56489
94981
21600
7649
90094
83551
55433
102417
17803
26201
92343
20468
21500
106525
86093
102090
108845
79516
20282
25442
19138
103799
72484
24005
98412
7618
83136
22777
593
73697
92915
33152
71046
102867
69540
62139
68804
20997
83310
89957
25154
101255
10436
85597
118412
