15746
92127
32819
67619
59838
55865
111388
72751
110406
74838
82659
100487
113216
82376
112074
105405
98535
64894
63224
22383
10356
94260
93315
34942
11193
90298
96931
116963
117311
116384
8155
7850
5708
20181
116883
9657775
9657773
9657772
9657767
9657766
9657765
9657762
9657761
9657758
9657757
9657756
9657748
9657747
9657746
9657743
9657742
9657738
9657736
9657733
9657732
9657730
9657716
9657714
9657707
9657704
9657702
9657694
9657692
9657691
9657688
9657682
9657680
9657675
9657673
9657672
9657666
9657663
9657660
9657658
9657656
9657653
9657641
9657635
9657634
9657630
9657629
9657628
9657627
9657626
9657623
9657614
9657612
9657601
9657597
9657596
9657594
9657593
9657589
9657587
9657584
9657583
9657581
9657580
9657579
9657578
9657576
9657573
9657566
9657563
9657561
9657559
9657557
9657551
9657550
9657545
9657543
9657540
9657531
9657529
9657528
9657526
9657525
9657516
9657515
9657513
9657511
9657507
9657505
9657503
9657497
9657496
9657494
9657484
9657478
9657468
9657462
9657461
9657460
9657452
9657450
9657443
9657442
9657436
9657433
9657431
9657429
9657417
9657416
9657415
9657411
9657404
9657403
9657399
9657396
9657394
9657392
9657382
9657375
9657374
9657369
9657367
9657365
9657357
9657356
9657354
9657347
9657339
9657334
9657332
9657326
9657325
9657321
9657320
9657314
9657293
9657291
9657286
9657284
9657282
9657271
9657266
9657262
9657258
9657252
9657238
9657230
9657224
9657219
9657218
9657214
9657211
9657207
9657199
9657198
9657195
9657193
9657191
9657186
9657181
9657179
9657176
9657175
9657173
9657169
9657168
9657163
9657161
9657158
9657157
9657154
9657153
9657152
9657149
9657148
9657147
9657146
9657142
9657138
9657135
9657124
9657118
9657115
9657112
9657111
9657110
9657109
9657104
9657102
9657099
9657092
9657086
9657085
9657076
9657075
9657074
9657070
9657066
9657063
9657060
9657058
9657057
9657051
9657049
9657045
9657040
9657033
9657029
9657019
9657016
9657013
9657010
9656994
9656989
9656981
9656979
9656976
9656975
9656972
9656971
9656970
9656969
9656966
9656962
9656961
9656953
9656947
9656941
9656940
9656938
9656934
9656932
9656931
9656928
9656920
9656919
9656915
9656914
9656912
9656911
9656909
9656901
9656900
9656899
9656897
9656895
9656894
9656889
9656884
9656881
9656878
9656876
9656872
9656865
9656860
9656859
9656853
9656851
9656841
9656836
9656815
9656813
9656810
9656802
9656796
9656792
9656791
9656790
9656789
9656785
9656779
9656772
9656762
9656761
9656754
9656753
9656747
9656742
9656741
9656738
9656734
9656733
9656731
9656719
9656715
9656711
9656709
9656707
9656704
9656701
9656692
9656683
9656676
9656674
9656667
9656666
9656665
9656661
9656649
9656648
9656646
9656637
9656635
9656634
9656627
9656621
9656618
9656617
9656613
9656606
9656604
9656600
9656596
9656594
9656589
9656584
9656581
9656577
9656575
9656573
9656570
9656565
9656563
9656561
9656560
9656559
9656556
9656553
9656552
9656551
9656536
9656534
9656531
9656529
9656524
9656519
9656516
9656511
9656503
9656498
9656495
9656494
9656491
9656490
9656487
9656479
9656475
9656468
9656462
9656461
9656458
9656456
9656446
9656444
9656441
9656440
9656432
9656421
9656420
9656416
9656411
9656406
9656400
9656399
9656398
9656393
9656384
9656381
9656376
9656372
9656370
9656364
9656363
9656358
9656357
9656351
9656349
9656346
9656345
9656344
9656332
9656331
118371
118230
118215
118194
118013
117613
117485
117342
117331
117286
117235
117173
117094
117038
117033
116935
116858
116812
116771
116770
116717
116713
116475
116465
116373
116328
115868
115818
115759
115604
115451
115383
115176
114977
114908
114727
114568
114235
114030
114029
113942
113894
113878
113869
113754
113702
113573
113441
113135
112759
112652
112514
112474
112402
112306
112207
112205
112090
111941
111813
111409
111349
111111
110768
110709
110639
110636
110515
110405
110389
110348
110239
109916
109801
109651
109519
109510
109478
109440
109366
109204
109161
109145
109120
109049
109043
108952
108943
108810
108719
108601
108491
108434
108414
108379
108378
108366
108364
108206
108193
108160
107792
107763
107721
107687
107547
107233
107149
107125
106693
106670
106644
106457
106203
106131
106130
106126
106100
106040
105812
105788
105737
105684
105544
105392
105381
105272
105227
105076
105068
105044
105039
105023
104982
104949
104869
104803
104664
104653
104648
104567
104558
104542
104354
104186
104077
104059
103975
103842
103810
103697
103675
103620
103553
103531
103441
103398
103319
103285
103253
103134
103076
102990
102771
102712
102707
102549
102461
102338
102279
102211
101986
101982
101942
101845
101647
101573
101521
101456
101447
101432
101371
101249
101195
101125
100875
100779
100680
100660
100616
100614
100452
100315
100143
100132
99959
99869
99851
99783
99773
99677
99636
99542
99508
99325
99132
99065
99045
98912
98673
98498
98435
98421
98338
98299
98296
98202
98178
98173
98150
98058
98029
98018
98016
97948
97786
97784
97735
97709
97664
97566
97561
97548
97520
97433
97154
97103
96523
96511
96391
96273
95892
95817
95712
95559
95263
94897
94764
94616
94525
94480
94321
94146
94041
94020
93942
93925
93899
93898
93778
93774
93626
93562
93507
93402
93322
93219
93175
92865
92741
92726
92594
92573
92435
92434
92313
91773
91719
91648
91596
91564
91251
91148
91143
91051
90907
90860
90797
90695
90517
90466
90391
90389
90360
90323
90144
90066
90023
89952
89926
89919
89875
89797
89768
89663
89660
89649
89626
89609
89453
89448
89444
89438
89420
89334
89285
89276
89231
89216
89164
89145
89060
88784
88741
88648
88618
88609
88131
87940
87867
87488
87265
87181
87174
87121
87077
87056
86996
86904
86866
86865
86730
86603
86570
86151
85846
85687
85667
84900
84863
84814
84748
84558
83936
83896
83759
83710
83619
83324
83252
83190
83159
83031
82962
82796
82661
82182
82140
81789
81717
81608
81598
81531
81489
81465
81455
81440
81202
81047
80965
80958
80914
80871
80813
80801
80710
80036
79943
79753
79708
79694
79637
79424
79304
79241
79022
78949
78828
78806
78721
78653
78628
78324
78252
78099
78020
77741
77561
77555
77525
77422
77198
77126
77013
76697
76543
76440
76280
76247
76151
76104
75899
75454
75279
75166
75161
74963
74778
74731
74677
74671
74512
74479
74405
74336
74154
74078
74064
73689
73534
73183
73073
73003
72933
72735
72561
72508
72503
72348
72307
71701
71637
71609
71567
71565
71300
71246
71217
71076
70964
70492
70274
70127
69946
69912
69877
69517
69515
69466
69296
69119
68879
68592
68373
68337
68153
68144
67926
67919
67904
67901
67876
67822
67794
67458
67133
67047
66795
66587
66458
66417
66040
65975
65913
65889
65863
65737
65647
65589
65576
65525
65263
65183
65096
65038
65021
64982
64870
64808
64644
64621
64284
64214
63749
63666
63619
63470
63345
63298
63258
63095
63059
63058
62896
62800
62789
62664
62624
62476
62474
62446
62378
62377
62276
62217
62129
61944
61738
61714
61536
61524
61445
61394
61365
61344
61318
61307
61169
61127
61055
61051
60980
60953
60829
60819
60521
60353
60296
60272
60206
60191
60155
60131
60113
59955
59919
59752
59724
59635
59625
59596
59584
59531
59429
59410
59294
59268
59171
59119
59109
59088
59073
59062
58977
58902
58715
58661
58603
58600
58534
58516
58423
58329
58249
58209
58127
58020
57998
57847
57761
57661
57599
57424
57330
57229
57188
57081
56934
56679
56504
56388
56220
56176
56127
56068
56006
55660
55372
55362
55192
55178
55095
54929
53815
41545
41476
41465
41397
41338
41299
41263
36001
35976
35972
35886
35853
35679
35591
35584
35476
35288
35187
35080
34971
34900
34888
34843
34739
34613
34488
34333
34290
34086
34003
33899
33671
33567
33482
33454
33363
33339
33304
33256
33242
33151
33150
33147
33004
32824
32691
26621
26566
26472
26303
26200
25785
25400
25169
25074
25030
24963
24951
24873
24493
24389
24370
24340
24291
24193
24176
24165
24032
23972
23939
23903
23856
23748
23618
23592
23529
23513
23163
23064
22883
22853
22632
22548
22506
22405
22231
22114
22048
21949
21801
21561
21494
21461
21379
21369
21357
21293
20950
20883
20867
20830
20798
20797
20694
20465
20416
20304
20287
20161
20132
20078
20077
20071
20052
19798
19743
19603
19049
19032
19001
18887
18779
18638
18614
18532
18396
18249
18222
18176
18010
17956
17734
17723
17688
17664
17633
17486
17483
17444
17439
17327
17131
16922
16921
16856
16691
16594
16563
16446
16355
16354
16277
16268
16127
16119
15954
15726
15560
15526
15459
15339
15282
15034
14811
14690
14569
14568
14535
12220
11967
11956
11877
11804
11785
11657
11385
11367
11326
11179
11087
11000
10950
10907
10291
10224
10143
10066
9965
9940
9777
9716
9560
9239
9209
9152
9019
8979
8964
8821
8716
8681
8521
8357
8313
8244
8144
8039
8000
7963
7918
7899
7834
7753
7723
7631
7514
7418
7390
7314
7156
7140
7019
7009
6788
6770
6767
6730
6701
6589
6517
6485
6426
6404
6335
6318
6199
6184
6169
6114
6087
6076
6013
6011
5974
5949
5946
5916
5879
5825
5806
5794
5724
5722
5698
5254
4788
4687
4259
3625
3363
3246
2324
1245
1014
613
72931
111873
8100
94621
103430
91938
105314
97717
17219
65740
108767
117363
105609
110095
60424
104507
25444
25440
24434
102153
78705
61193
34251
108459
82358
112548
81223
77499
105912
106117
41486
103150
85003
104460
79444
107323
97939
33549
89335
84738
65489
25155
118014
107967
85190
103676
67925
104470
118151
103009
35632
97468
72698
23950
34327
2504
11312
24775
77287
107988
117618
19190
100350
64346
102754
2377
72963
35175
58611
92265
23621
92913
72603
89405
116855
84117
94901
100789
107492
89474
97798
103015
98596
57268
24947
105719
108117
116548
80034
79492
6369
75900
106522
63103
107243
86203
62385
71653
112730
118463
118411
118163
117385
117276
117264
116861
116056
115979
115513
115315
114405
114338
114104
112714
112671
112020
111477
111474
111420
111361
111265
111245
110831
110346
109799
109618
109556
109095
108989
108975
108944
108942
108914
108864
108724
107435
106845
106393
104793
104646
104535
104285
103827
103815
102866
102842
102667
102430
101838
101015
100265
99589
99217
98689
97174
96070
96043
94129
92994
92569
91898
91777
91570
90428
90362
89880
87742
87243
87095
86825
86520
86258
85124
83550
83346
82139
81782
80503
79384
78623
78392
78202
77894
77574
77526
77454
76563
75262
75017
71074
70750
70058
69628
69088
68627
67307
64255
64113
63656
63626
63266
63131
62902
61842
61504
59358
58668
58660
57488
55470
55155
41471
41442
41253
35990
35683
35643
35023
34767
33323
25921
24841
24818
24386
23717
23655
23535
23394
22750
20682
18394
18391
11782
11459
11325
9518
8174
7718
5854
5253
4825
3958
3679
3544
3466
11609
16329
113685
97279
82623
34874
115134
103261
60090
20256
11763
101853
110308
102490
67452
118512
118511
83285
113333
99308
117803
117673
111554
90666
79867
76859
74277
56229
22753
94136
93473
82978
71143
57257
8112
60458
2476
59436
33368
91273
69851
58819
116740
9967
114623
118517
118516
118515
118172
118095
118065
117916
117715
117713
117676
117529
117434
117257
117093
117091
117089
117004
116971
116947
116815
116753
116741
116738
116647
116641
116601
116222
116048
115962
115941
115524
115453
115431
115423
115179
114975
114722
114408
114050
113884
113808
113772
113749
113563
113550
113406
113400
113300
112567
112478
112458
112400
112352
112245
112112
111893
111610
111378
111224
110736
110718
110679
110423
110190
110136
110120
110071
110025
109976
109911
109697
109608
109584
109080
109067
108760
108515
108290
107799
107768
107735
107696
107688
107686
107634
107624
107566
107466
107428
107200
106972
106775
106761
106704
106456
106428
106388
106382
106367
106318
106298
106214
106206
106161
106106
105931
105929
105863
105855
105831
105816
105811
105720
105661
105652
105618
105595
105569
105539
105515
105442
105431
105378
105373
105359
105356
105311
105079
105040
104737
104538
104487
104486
104468
104463
104453
104446
104423
104236
104227
104204
104178
104171
104151
104043
104033
104001
103981
103945
103924
103888
103755
103748
103716
103664
103662
103658
103596
103562
103512
103391
103346
103323
103317
103286
103152
103105
102992
102956
102903
102798
102762
102735
102699
102633
102590
102576
102548
102218
102172
102139
102128
102022
102014
102008
101984
101933
101906
101804
101767
101761
101707
101704
101693
101665
101606
101589
101554
101540
101538
101522
101504
101469
101305
101158
101152
101139
101131
101093
101082
101055
100999
100998
100877
100872
100852
100847
100784
100697
100679
100647
100551
100543
100533
100507
100503
100423
100262
100184
100052
99993
99975
99904
99888
99813
99652
99564
99524
99455
99445
99433
99312
99309
99201
99055
98989
98954
98924
98866
98848
98832
98729
98682
98659
98622
98546
98533
98433
98393
98323
98228
98207
98174
98147
98076
98041
97988
97978
97971
97936
97894
97698
97658
97655
97640
97627
97612
97546
97528
97363
97331
97326
97234
97221
97200
97113
97071
97048
96929
96928
96843
96775
96764
96691
96381
96293
96184
95787
95775
95686
95257
95255
95075
94990
94980
94974
94948
94888
94741
94727
94626
94555
94470
94418
94154
94011
93931
93856
93838
93481
93457
93296
93293
92953
92952
92933
92740
92639
92616
92578
92346
92261
92209
92086
92035
91780
91738
91662
91642
91523
91446
91415
91348
91279
90975
90756
90755
90745
90744
90735
90727
90716
90629
90181
90010
89705
89447
89437
89418
89344
89243
89197
89180
89169
89138
88911
88748
88746
88484
88430
88339
88318
88279
88260
88184
88144
88109
87891
87566
87553
87105
86530
86309
86305
86095
86083
85960
85900
85877
85787
85605
85544
85371
85311
84987
84674
84250
84184
83877
83876
83828
83808
83769
82815
82569
82328
82111
82107
81345
81240
81096
80888
80802
80786
80627
80284
80186
80123
80042
79074
78660
78553
78551
78485
78316
78305
78148
77992
77988
77812
77803
77798
77780
77587
77483
77438
77244
77236
77030
76945
76877
76806
76803
76438
76339
76282
76260
76235
76021
76005
75986
75945
75904
75802
75663
75617
75559
75476
75437
75405
75369
75260
75187
75156
75148
75046
75009
74824
74793
74751
74689
74653
74579
74541
74457
74396
74179
74163
74113
74049
74047
74003
73991
73942
73900
73845
73791
73776
73773
73633
73624
73584
73429
73414
73290
73235
73233
73211
73134
72851
72807
72506
72477
72460
72317
72262
72219
72194
72183
72170
72002
71508
71129
70899
70639
70394
70170
70027
69757
69713
69486
69198
68988
68828
68812
68759
68594
68201
68067
67846
67733
67660
67526
67482
67426
67422
67288
67198
67182
67014
66924
66785
66727
66694
66504
66142
66005
65984
65943
65833
65606
65373
65307
65143
65078
64986
64942
64887
64846
64805
64730
64663
64601
64550
64444
64393
64362
64138
64135
63979
63850
63825
63727
63677
63466
63401
63282
63119
62937
62840
62794
62793
62615
62607
62491
62485
62437
62432
62355
61952
61936
61620
61559
61431
61269
60955
60889
60834
60694
60549
60517
60379
60258
60084
60025
59967
59877
59856
59818
59788
59722
59615
59364
59359
59219
58908
58773
58721
58638
58402
58378
58246
58115
57933
57921
57543
57505
57155
57137
57111
56979
56936
56816
56696
56648
56133
55970
55880
55750
55749
55364
55327
55297
55259
55254
55238
55221
55218
55159
55148
55114
55104
55069
54996
54869
36024
35876
35813
35796
35534
35519
35486
35408
35382
35331
35296
35292
35129
35075
34958
34855
34806
34804
34703
34619
34601
34538
34448
34423
34419
34372
34287
34286
34244
34188
34058
34047
34028
33908
33898
33737
33716
33713
33680
33659
33645
33628
33530
33425
33307
33280
33207
32939
32807
26726
26415
26381
25887
25731
25723
25563
24763
24676
24639
24540
24423
24354
24328
24279
24044
24001
23541
23459
23375
23208
23206
22874
22752
22105
22056
22032
21808
21686
21341
21338
21087
21059
21053
20754
20649
20569
20406
20370
20121
20005
19898
19825
19755
19497
19450
19231
19170
19132
19077
19071
18857
18750
18659
18430
18209
18174
18172
17904
17809
17616
17473
17401
17279
17255
17121
17055
16802
16663
16658
16593
16430
16256
16239
16170
15881
15750
15745
14836
14828
14780
14482
14472
12119
11979
11747
11683
11453
11403
11233
11143
11072
11047
10897
10750
10710
10386
10013
9993
9969
9915
9831
9820
9787
9775
9681
9657
9650
9621
9594
9340
9164
8983
8560
8511
8322
8311
8181
7441
7396
7013
6916
6911
6884
6742
6562
6540
6491
6375
6354
6194
6148
6124
6078
5976
5856
5721
5652
5617
5593
5589
5568
5382
5360
5059
4856
4823
4593
4496
4440
4217
4032
3864
3859
3701
3463
3403
3392
3247
3044
2970
2758
2715
2636
2620
2547
2471
2406
2352
2349
2254
2237
1453
1376
1221
1206
1141
1127
1068
952
922
860
856
844
827
760
749
662
633
597
560
527
498
370
262
257
253
245
239
182
180
119
116
63
73405
89245
116626
94691
56756
64853
108077
57826
93273
89386
3446
116636
79336
34454
117319
19795
86460
8272
110863
1694
113803
57310
80070
94336
67666
23229
14806
117274
97593
70073
64052
14625
25471
86954
68469
111399
77958
56330
77612
114295
77948
70495
82005
25105
92057
87916
6662
5460
2606
106503
59755
57059
25453
19973
60415
109696
83633
109849
75801
118335
117935
117729
116937
112869
108834
107776
107758
107710
107420
107176
106822
106777
101602
99377
94849
89881
86804
76874
75993
75752
75542
74599
70435
70391
68925
68061
64253
63533
59371
57540
55873
55736
34826
34234
32840
25027
21378
20656
16581
15215
12112
12058
9339
12253
56010
68509
111154
110765
41531
105244
104804
103832
103432
103263
101974
101869
101494
99980
99890
99729
98929
97820
91807
88322
86605
85555
67088
57670
21468
20579
17225
16718
16235
111928
103109
101436
94164
82761
75958
63064
58106
55088
36012
35117
33464
7663
3219
118028
117153
116213
114585
114057
113149
112943
112881
110814
106549
106335
105829
105814
105760
105484
105417
105391
104624
104091
103993
103335
102624
101878
101742
101455
101394
101338
101331
101320
101241
101011
100579
100038
99814
99381
99107
98491
97960
97449
97407
96864
95886
95742
94837
94276
92832
92807
92760
92724
92691
92116
92091
91993
91295
91225
90833
90825
90482
90425
90408
90169
89909
89563
89064
88496
87868
87748
87637
87392
87316
86486
86373
85911
85871
85530
84124
83337
82641
81716
81466
81093
80670
80607
80501
80483
80232
79370
77996
77975
77888
77786
77701
77439
77341
77207
77142
77001
76991
76732
76706
76628
76601
76594
76379
76110
75731
75287
75054
74951
74932
74695
74453
73969
73876
73748
72604
72434
72389
71633
71295
70494
70322
70025
69733
69518
69294
68606
68277
68049
67345
66263
66126
65947
65919
65778
65598
65444
65194
65049
64726
64458
64030
63989
63534
63443
63314
62397
61610
61220
60590
60230
60201
60065
59636
59591
59541
59058
59022
59018
58972
58828
58227
58112
57806
57375
57347
57158
57019
55974
55767
55722
55042
41399
41331
36009
35810
35668
35441
35053
34932
34696
34675
34555
34465
34440
33848
33652
33581
33382
24179
23581
21247
20204
19278
19184
18196
16940
16400
16161
16135
14721
14697
11604
11445
10152
9928
9529
8036
7655
5727
5214
4131
4023
2066
1934
1302
1094
918
627
491
33413
115398
113922
111654
87933
82012
63776
57791
2301
114011
118508
118507
108799
116033
115806
115628
115580
115568
115371
115328
115209
115172
115062
114710
114708
114689
114615
114486
114402
114336
114297
114294
114203
114048
113921
113578
113498
113353
113237
113214
113050
113016
112909
112824
112796
112717
112685
112419
112291
111815
111799
111705
111563
111509
111493
87659
86709
86643
86574
85941
83070
82956
82171
81568
80682
80292
79458
79300
78132
76817
75859
73828
73443
73404
73139
71815
70769
67037
67027
66635
64467
62661
62015
57876
57820
57604
57560
57369
56962
56601
103494
101430
56348
34070
4057
434
277
67333
5693
115502
118146
117254
3877
107896
118289
118211
118180
117867
117640
117502
117198
115565
114291
113630
112655
111086
111058
110231
109687
109385
109138
108188
108043
108015
106498
106469
106228
105998
105933
105701
105246
105042
104631
104392
104361
104234
103468
103147
103104
102852
102778
102723
102443
102375
102282
102041
101967
101940
101893
101819
101690
101095
100825
100735
100623
99732
99610
99288
99157
98791
98418
98165
98080
98059
97391
97315
94447
92682
92582
92043
91216
91155
91026
90802
90537
90352
89991
89771
89491
89294
89105
88030
85920
85917
85744
85560
85148
84908
84855
84623
83586
83443
83275
83090
82191
82077
81843
80653
80585
80265
79997
79594
79530
78693
77044
76849
76710
76494
75931
75808
75072
74854
74728
73704
72045
70095
68124
67690
67521
66533
66407
66251
65538
65473
64491
63497
63476
62659
62164
61863
61509
60931
60764
60263
60186
59185
58346
58041
56737
55727
55322
54916
35628
35304
35278
35095
35071
34882
34500
34345
34093
33900
33689
33372
26686
26471
26320
25554
22325
20667
20296
19815
19712
18847
17344
17268
16528
15909
15239
15104
11902
11759
11573
11572
11376
9796
9688
8219
5611
4542
3715
3305
3254
2828
2598
417
176
89004
2305
2998
97411
3932
4264
93113
105962
99200
98322
96389
88841
76015
73741
72811
68380
9279
87813
117051
109805
109776
107070
104426
101882
97217
89837
89715
85220
81837
81533
81261
64961
25372
23825
19539
18936
18613
17207
16397
15719
9016
8981
99254
55715
110359
84603
89809
99097
94187
86226
80275
77511
69822
64705
63536
61126
57358
89076
109619
20511
107374
98276
86682
67651
92380
109888
115613
10911
66175
11511
97792
85692
106643
57320
99528
35447
92665
104871
109012
75261
118470
55784
88275
105308
65511
81252
104214
100360
91590
109754
12113
73567
15390
58188
9732
116518
76537
113258
112782
92517
99586
111177
107317
84508
35419
107853
33384
74290
90795
97514
34394
62298
105213
97758
14914
6544
6110
6070
117266
116887
113789
112566
106310
104822
104109
103738
102219
101333
101294
100357
99979
99885
99848
98943
98211
97008
91706
90300
81763
79667
77194
77091
75892
75847
75327
75324
75024
73737
73619
73593
72613
69279
66984
60212
59290
41520
41375
34108
33014
22239
18156
11537
11321
93356
93173
75691
58951
113953
69881
67324
93664
56416
103422
60652
118495
87734
18282
115825
115255
115238
115035
114874
114659
113781
113504
111755
82629
81916
81656
81655
80002
79636
78784
76234
71457
70563
65066
61674
57920
57755
57489
57462
57446
56978
56901
22786
87465
111274
106344
19466
104104
22169
17902
9997
6100
60244
3400
67631
25229
23451
51010
24817
106966
9212
35375
12043
25329
102090
108508
107370
59904
17774
103563
73809
68853
15378
20498
80894
71728
117362
117359
117237
117199
116531
110146
106823
81541
73320
65786
22194
25810
103277
17562
33200
23892
109573
109298
107262
101165
98238
98194
96881
94398
89829
89333
85042
83114
82303
80961
78036
73946
69594
69122
68311
67752
62892
35918
26542
25172
23927
23151
22931
21600
18545
15385
11702
9312
9043
504
9422
89719
20150
4269
115187
114992
114765
113955
113302
111959
71137
67462
67266
57553
56665
7712
115554
110057
108550
106509
101021
101008
100099
99128
97148
96400
94981
93756
91961
91839
77305
75519
73655
70583
70500
66267
64434
61550
55433
33823
26776
26590
24929
22205
21879
21500
20614
19390
18727
17625
17213
16044
15999
15443
14825
12177
10477
10231
9947
9644
8642
6768
6253
115615
115376
93362
79829
78470
70925
24359
11352
87113
75193
24934
22687
7040
55611
33850
24192
32825
24189
22645
70815
108779
78869
93884
112154
6642
96131
88700
85478
117538
117125
116977
116725
116283
115715
114072
111831
111591
111164
111019
110807
110330
109796
109663
109374
109291
109017
108845
108815
108626
108573
107085
106679
106654
106642
106352
105889
105838
105686
105635
105547
105543
105303
105015
104559
104034
103765
103527
103270
103232
103181
103175
102700
102545
102417
102407
102181
102165
100957
100612
100438
100313
99741
99734
99505
99489
99278
98254
97160
95545
95529
94610
93189
92308
92305
92125
92002
90094
89499
89094
88354
88326
87732
87629
86846
86750
86315
85444
83115
82951
82814
81606
81061
80403
80087
80069
76853
76510
76078
75113
74878
74876
74588
73711
73409
72350
70813
69725
69058
69048
67017
65998
65618
64811
64483
63803
63707
63199
62855
62639
62517
62042
61447
61342
60917
60891
60646
60437
60170
59857
58507
57752
57372
56868
56826
56712
55855
55472
55330
55279
55185
55184
55029
41446
34999
34534
33637
26806
25721
25447
25099
24989
24575
24564
23974
23879
23576
23173
23170
23091
22922
22586
22391
22222
22135
22034
21670
21515
21249
21039
20933
20908
20845
20735
20718
20681
20571
19850
19730
19666
19469
19287
19213
18984
18893
18567
18027
17909
17705
17699
17675
17416
16988
16818
16782
16536
16372
16294
16279
16019
15668
15285
15041
14866
14583
14475
12160
11208
10875
10457
10174
10165
9910
9896
9588
9489
9249
9053
9051
8982
8959
8906
8808
8708
8445
7962
7488
7090
6541
6514
5062
4574
4392
3221
3199
2910
2789
2602
88567
108552
24922
101824
99699
97813
74106
75805
84945
10995
14747
63646
117351
116886
116705
116408
116356
116282
116260
116200
116166
114583
113908
109759
109390
107732
104278
98647
98317
93571
92980
90553
90546
90200
89794
83161
72339
71950
67980
65355
62142
61591
59995
57809
26003
25985
25356
24537
23759
21442
21440
20879
20716
20186
19163
18669
17955
17287
15409
10361
9398
7699
6587
6251
64387
11658
94108
79208
22959
25865
91941
90737
98737
71407
78300
9730
20153
108818
107359
22312
23119
108670
26653
107334
107425
18662
24855
90557
77345
107496
18705
81667
105479
112336
24187
24327
69615
118418
117708
117039
115380
114337
113886
113489
113414
113220
113009
112978
112925
112865
110196
110137
109965
109841
109793
109730
109699
109583
109279
109189
108445
107106
106774
106539
106533
106530
106523
106520
106505
105500
105459
105297
102941
102608
102059
101268
100899
100354
100318
99866
98916
98869
98837
98763
98730
98138
97744
96661
94540
94523
94445
94194
94190
94160
94018
94016
94000
93229
93159
91774
91701
91042
90573
89412
89372
89158
88471
88460
88440
87543
86797
86660
86093
86053
85153
85033
84853
84832
84346
84210
84120
84040
83736
83077
82917
82742
82589
81748
81636
80229
79979
78738
78563
78135
77638
75501
75093
72318
71716
71697
71674
69453
68356
68119
68084
67626
67206
66606
66560
66209
66035
65513
64779
63797
62422
61994
60509
60208
59974
59572
59149
58855
58203
57511
56623
56550
56523
56490
56489
55422
54881
35804
35473
34397
34019
26595
26588
26538
26483
26386
26342
26280
26128
26035
25382
25085
24948
24893
24889
24586
24347
24147
23947
23898
23623
23560
23185
23116
22909
22762
22747
21927
21758
21572
21170
21162
21075
21055
20802
20544
20366
20221
19718
19555
19344
19246
19180
19038
18967
18925
18743
18465
18455
18405
18403
18373
18248
18042
17898
17803
17738
17048
17009
16981
16712
16287
16110
16064
15840
15477
15407
15026
14963
14961
14551
14544
11652
11648
11601
10469
10403
9438
8549
8184
8041
7894
7807
7649
7532
7412
7201
6696
6582
6498
6198
4991
4746
3353
78871
111497
105101
105032
93497
77578
11907
8810
25631
99923
89790
92343
97497
62803
113849
24637
83551
104904
56546
91975
26201
70355
109312
85597
102867
98412
10436
118412
101255
72484
68804
25442
25154
24005
22777
89957
20997
71046
62139
79516
103799
20282
92915
33152
19138
83136
7618
73697
